0 0.18
0.00025 0.265
0.0005 0.2683
0.00075 0.2483
0.001 0.2467
0.00125 0.185
0.0015 0.1817
0.00175 0.085
0.002 0.0817
0.00225 -0.005
0.0025 -0.01
0.00275 -0.0567
0.003 -0.0617
0.00325 -0.045
0.0035 -0.0433
0.00375 0.0117
0.004 0.0133
0.00425 0.0533
0.0045 0.055
0.00475 0.0883
0.005 0.0883
0.00525 0.105
0.0055 0.1067
0.00575 0.0867
0.006 0.0867
0.00625 0.04
0.0065 0.0383
0.00675 0
0.007 -0.0033
0.00725 -0.0333
0.0075 -0.0367
0.00775 -0.0533
0.008 -0.0517
0.00825 -0.065
0.0085 -0.0667
0.00875 -0.0733
0.009 -0.07
0.00925 -0.0417
0.0095 -0.0417
0.00975 -0.0033
0.01 0
0.01025 0.0533
0.0105 0.055
0.01075 0.1233
0.011 0.125
0.01125 0.2
0.0115 0.2017
0.01175 0.2683
0.012 0.27
0.01225 0.3233
0.0125 0.325
0.01275 0.3683
0.013 0.37
0.01325 0.42
0.0135 0.425
0.01375 0.2617
0.014 0.2433
0.01425 -0.565
0.0145 -0.6033
0.01475 -1.0917
0.015 -1.0917
0.01525 -0.825
0.0155 -0.8033
0.01575 -0.245
0.016 -0.225
0.01625 0.1383
0.0165 0.1483
0.01675 0.2717
0.017 0.2733
0.01725 0.2933
0.0175 0.2917
0.01775 0.2633
0.018 0.2617
0.01825 0.22
0.0185 0.2167
0.01875 0.165
0.019 0.1633
0.01925 0.125
0.0195 0.1233
0.01975 0.075
0.02 0.0717
0.02025 0.0383
0.0205 0.03
0.02075 0.0433
0.021 0.0417
0.02125 0.0833
0.0215 0.0867
0.02175 0.1717
0.022 0.1783
0.02225 0.28
0.0225 0.285
0.02275 0.4
0.023 0.405
0.02325 0.5317
0.0235 0.5383
0.02375 0.7483
0.024 0.76
0.02425 1.01
0.0245 1.02
0.02475 1.2767
0.025 1.2717
0.02525 0.3167
0.0255 0.25
0.02575 -0.9533
0.026 -0.4083
0.02625 -2.8033
0.0265 -1.5883
0.02675 -2.8317
0.027 -2.8717
0.02725 -1.335
0.0275 -1.2633
0.02775 0.1083
0.028 0.14
0.02825 0.55
0.0285 0.5583
0.02875 0.6117
0.029 0.59
0.02925 0.45
0.0295 0.4433
0.02975 0.2917
