0 0.0717
0.00025 0.0383
0.0005 0.03
0.00075 0.0433
0.001 0.0417
0.00125 0.0833
0.0015 0.0867
0.00175 0.1717
0.002 0.1783
0.00225 0.28
0.0025 0.285
0.00275 0.4
0.003 0.405
0.00325 0.5317
0.0035 0.5383
0.00375 0.7483
0.004 0.76
0.00425 1.01
0.0045 1.02
0.00475 1.2767
0.005 1.2717
0.00525 0.3167
0.0055 0.25
0.00575 -0.9533
0.006 -0.4083
0.00625 -2.8033
0.0065 -1.5883
0.00675 -2.8317
0.007 -2.8717
0.00725 -1.335
0.0075 -1.2633
0.00775 0.1083
0.008 0.14
0.00825 0.55
0.0085 0.5583
0.00875 0.6117
0.009 0.59
0.00925 0.45
0.0095 0.4433
0.00975 0.2917
0.01 0.2833
0.01025 0.1533
0.0105 0.1483
0.01075 0.1033
0.011 0.1033
0.01125 0.1133
0.0115 0.1167
0.01175 0.1017
0.012 0.1
0.01225 0.0667
0.0125 0.065
0.01275 0.015
0.013 0.0133
0.01325 -0.0483
0.0135 -0.0517
0.01375 -0.0867
0.014 -0.0867
0.01425 -0.0717
0.0145 -0.0733
0.01475 -0.0367
0.015 -0.035
0.01525 0.0233
0.0155 0.0267
0.01575 0.1067
0.016 0.11
0.01625 0.1933
0.0165 0.1967
0.01675 0.2217
0.017 0.2217
0.01725 0.18
0.0175 0.1783
0.01775 0.0767
0.018 0.0717
0.01825 -0.0083
0.0185 -0.015
0.01875 0
0.019 0.0033
0.01925 0.09
0.0195 0.095
0.01975 0.2633
0.02 0.275
0.02025 0.7683
0.0205 1.7717
0.02075 0.2817
0.021 -0.1133
0.02125 -4.2417
0.0215 -4.185
0.02175 -1.1417
0.022 -1.045
0.02225 0.305
0.0225 0.3283
0.02275 0.5217
0.023 0.525
0.02325 0.5083
0.0235 0.5067
0.02375 0.4883
0.024 0.485
0.02425 0.4933
0.0245 0.495
0.02475 0.5417
0.025 0.545
0.02525 0.6533
0.0255 0.7183
0.02575 0.6567
0.026 0.6433
0.02625 -0.1833
0.0265 -0.235
0.02675 -1.03
0.027 -1.0917
0.02725 -0.8683
0.0275 -0.845
0.02775 -0.2517
0.028 -0.2283
0.02825 0.1417
0.0285 0.15
0.02875 0.2467
0.029 0.245
0.02925 0.1433
0.0295 0.1367
0.02975 0.0517
