0 0.0617
0.00025 0.0733
0.0005 0.0667
0.00075 0.0567
0.001 0.07
0.00125 0.05
0.0015 0.0433
0.00175 -0.1217
0.002 -0.13
0.00225 -0.2567
0.0025 -0.2367
0.00275 -0.31
0.003 -0.3133
0.00325 -0.175
0.0035 -0.1683
0.00375 -0.06
0.004 -0.055
0.00425 0.0567
0.0045 0.0617
0.00475 0.135
0.005 0.185
0.00525 0.125
0.0055 0.1467
0.00575 0.0933
0.006 0.0917
0.00625 0.1333
0.0065 0.1333
0.00675 0.1867
0.007 0.17
0.00725 0.0617
0.0075 0.06
0.00775 -0.0433
0.008 -0.0483
0.00825 -0.1633
0.0085 -0.1533
0.00875 -0.065
0.009 -0.0317
0.00925 -0.1083
0.0095 -0.1183
0.00975 -0.07
0.01 -0.0683
0.01025 0.0183
0.0105 0.0233
0.01075 0.0933
0.011 0.0817
0.01125 -0.025
0.0115 -0.0117
0.01175 0.0483
0.012 0.0467
0.01225 -0.0483
0.0125 -0.0583
0.01275 0.0067
0.013 0.015
0.01325 0.0983
0.0135 0.1
0.01375 0.2267
0.014 0.18
0.01425 -0.075
0.0145 -0.0633
0.01475 0.3217
0.015 0.295
0.01525 -0.2567
0.0155 0.01
0.01575 -0.0433
0.016 -0.035
0.01625 0.045
0.0165 0.05
0.01675 0.0833
0.017 0.0583
0.01725 0.1667
0.0175 0.1833
0.01775 0.155
0.018 0.1117
0.01825 0.1967
0.0185 0.3
0.01875 0.13
0.019 0.0417
0.01925 0.265
0.0195 0.2783
0.01975 0.375
0.02 0.2867
0.02025 0.1317
0.0205 0.1267
0.02075 0.0417
0.021 0.0417
0.02125 0.055
0.0215 0.055
0.02175 0.0467
0.022 0.0467
0.02225 0.0067
0.0225 0.0067
0.02275 -0.0133
0.023 -0.0117
0.02325 -0.0367
0.0235 -0.0367
0.02375 -0.045
0.024 -0.0417
0.02425 -0.0483
0.0245 -0.045
0.02475 -0.05
0.025 -0.05
0.02525 -0.0467
0.0255 -0.0467
0.02575 -0.0633
0.026 -0.0633
0.02625 -0.0583
0.0265 -0.0583
0.02675 -0.0533
0.027 -0.0533
0.02725 -0.0483
0.0275 -0.05
0.02775 -0.0583
0.028 -0.0567
0.02825 -0.0667
0.0285 -0.065
0.02875 -0.055
0.029 -0.0583
0.02925 -0.055
0.0295 -0.0533
0.02975 -0.0583
