0 0.275
0.00025 0.7683
0.0005 1.7717
0.00075 0.2817
0.001 -0.1133
0.00125 -4.2417
0.0015 -4.185
0.00175 -1.1417
0.002 -1.045
0.00225 0.305
0.0025 0.3283
0.00275 0.5217
0.003 0.525
0.00325 0.5083
0.0035 0.5067
0.00375 0.4883
0.004 0.485
0.00425 0.4933
0.0045 0.495
0.00475 0.5417
0.005 0.545
0.00525 0.6533
0.0055 0.7183
0.00575 0.6567
0.006 0.6433
0.00625 -0.1833
0.0065 -0.235
0.00675 -1.03
0.007 -1.0917
0.00725 -0.8683
0.0075 -0.845
0.00775 -0.2517
0.008 -0.2283
0.00825 0.1417
0.0085 0.15
0.00875 0.2467
0.009 0.245
0.00925 0.1433
0.0095 0.1367
0.00975 0.0517
0.01 0.0617
0.01025 0.0533
0.0105 0.0517
0.01075 0.06
0.011 0.06
0.01125 0.075
0.0115 0.0783
0.01175 0.07
0.012 0.07
0.01225 0.055
0.0125 0.055
0.01275 0.04
0.013 0.0333
0.01325 0.0467
0.0135 0.0467
0.01375 0.0867
0.014 0.0867
0.01425 0.1217
0.0145 0.1233
0.01475 0.1733
0.015 0.1733
0.01525 0.185
0.0155 0.1783
0.01575 0.1083
0.016 0.105
0.01625 -0.0117
0.0165 -0.0167
0.01675 -0.1133
0.017 -0.1233
0.01725 -0.1
0.0175 -0.0983
0.01775 -0.0567
0.018 -0.0583
0.01825 -0.175
0.0185 -0.1817
0.01875 -0.2533
0.019 -0.245
0.01925 -0.0733
0.0195 -0.05
0.01975 -0.1233
0.02 -0.1317
0.02025 -0.3033
0.0205 -0.3567
0.02075 -0.3083
0.021 -0.3017
0.02125 -0.01
0.0215 0.0033
0.02175 0.22
0.022 0.225
0.02225 0.315
0.0225 0.3167
0.02275 0.3333
0.023 0.3317
0.02325 0.2983
0.0235 0.295
0.02375 0.215
0.024 0.2117
0.02425 0.1317
0.0245 0.1283
0.02475 0.0583
0.025 0.055
0.02525 0.0217
0.0255 0.0233
0.02575 0.05
0.026 0.0517
0.02625 0.075
0.0265 0.0767
0.02675 0.0883
0.027 0.0867
0.02725 0.0933
0.0275 0.0883
0.02775 0.0933
0.028 0.09
0.02825 0.0533
0.0285 0.0517
0.02875 0.035
0.029 0.04
0.02925 -0.0733
0.0295 -0.095
0.02975 -0.7667
