0 0.0017
0.00025 0.0067
0.0005 0.0033
0.00075 0.0083
0.001 0.0083
0.00125 0.0033
0.0015 0.005
0.00175 0
0.002 -0.0017
0.00225 -0.01
0.0025 -0.0083
0.00275 -0.015
0.003 -0.0117
0.00325 -0.0183
0.0035 -0.0167
0.00375 -0.0217
0.004 -0.0233
0.00425 -0.0267
0.0045 -0.025
0.00475 -0.0317
0.005 -0.03
0.00525 -0.025
0.0055 -0.0217
0.00575 -0.0267
0.006 -0.0183
0.00625 -0.0233
0.0065 -0.0183
0.00675 -0.005
0.007 -0.0033
0.00725 0.0317
0.0075 0.0333
0.00775 0.0683
0.008 0.07
0.00825 0.1033
0.0085 0.1067
0.00875 0.1483
0.009 0.1467
0.00925 0.1967
0.0095 0.2
0.00975 0.2817
0.01 0.2817
0.01025 0.3483
0.0105 0.3567
0.01075 0.3067
0.011 0.2983
0.01125 0.11
0.0115 0.17
0.01175 -0.3917
0.012 -0.1967
0.01225 -1.1867
0.0125 -0.7983
0.01275 -2.1183
0.013 -1.69
0.01325 -0.485
0.0135 -0.4333
0.01375 0.4
0.014 0.505
0.01425 0.37
0.0145 0.35
0.01475 -0.545
0.015 -0.5783
0.01525 -0.825
0.0155 -0.8183
0.01575 -0.4317
0.016 -0.4083
0.01625 0.09
0.0165 0.1067
0.01675 0.3517
0.017 0.3583
0.01725 0.42
0.0175 0.4283
0.01775 0.405
0.018 0.4017
0.01825 0.345
0.0185 0.3433
0.01875 0.29
0.019 0.2883
0.01925 0.2533
0.0195 0.2533
0.01975 0.2217
0.02 0.22
0.02025 0.1833
0.0205 0.1817
0.02075 0.1567
0.021 0.1567
0.02125 0.14
0.0215 0.1383
0.02175 0.1117
0.022 0.11
0.02225 0.08
0.0225 0.08
0.02275 0.0717
0.023 0.07
0.02325 0.0767
0.0235 0.0767
0.02375 0.0833
0.024 0.0833
0.02425 0.095
0.0245 0.0933
0.02475 0.1133
0.025 0.1133
0.02525 0.15
0.0255 0.1517
0.02575 0.2033
0.026 0.2067
0.02625 0.3133
0.0265 0.3183
0.02675 0.4183
0.027 0.4233
0.02725 0.5433
0.0275 0.545
0.02775 0.1783
0.028 0.14
0.02825 -0.9717
0.0285 -1.01
0.02875 -1.5517
0.029 -1.5367
0.02925 -0.98
0.0295 -0.9467
0.02975 -0.23
