0 0.1733
0.00025 0.185
0.0005 0.1783
0.00075 0.1083
0.001 0.105
0.00125 -0.0117
0.0015 -0.0167
0.00175 -0.1133
0.002 -0.1233
0.00225 -0.1
0.0025 -0.0983
0.00275 -0.0567
0.003 -0.0583
0.00325 -0.175
0.0035 -0.1817
0.00375 -0.2533
0.004 -0.245
0.00425 -0.0733
0.0045 -0.05
0.00475 -0.1233
0.005 -0.1317
0.00525 -0.3033
0.0055 -0.3567
0.00575 -0.3083
0.006 -0.3017
0.00625 -0.01
0.0065 0.0033
0.00675 0.22
0.007 0.225
0.00725 0.315
0.0075 0.3167
0.00775 0.3333
0.008 0.3317
0.00825 0.2983
0.0085 0.295
0.00875 0.215
0.009 0.2117
0.00925 0.1317
0.0095 0.1283
0.00975 0.0583
0.01 0.055
0.01025 0.0217
0.0105 0.0233
0.01075 0.05
0.011 0.0517
0.01125 0.075
0.0115 0.0767
0.01175 0.0883
0.012 0.0867
0.01225 0.0933
0.0125 0.0883
0.01275 0.0933
0.013 0.09
0.01325 0.0533
0.0135 0.0517
0.01375 0.035
0.014 0.04
0.01425 -0.0733
0.0145 -0.095
0.01475 -0.7667
0.015 -0.815
0.01525 -0.5833
0.0155 -0.565
0.01575 -0.2567
0.016 -0.2483
0.01625 -0.0617
0.0165 -0.0583
0.01675 0.0417
0.017 0.045
0.01725 0.0917
0.0175 0.0933
0.01775 0.1117
0.018 0.1133
0.01825 0.1433
0.0185 0.1467
0.01875 0.2683
0.019 0.7017
0.01925 0.02
0.0195 -0.1917
0.01975 -0.6183
0.02 -0.605
0.02025 -0.2317
0.0205 -0.2183
0.02075 0.0167
0.021 0.0217
0.02125 0.065
0.0215 0.06
0.02175 0.0767
0.022 0.0767
0.02225 0.095
0.0225 0.0933
0.02275 0.1
0.023 0.0983
0.02325 0.0517
0.0235 0.045
0.02375 -0.14
0.024 -0.1433
0.02425 -0.2167
0.0245 -0.2233
0.02475 -0.2033
0.025 -0.2017
0.02525 -0.1017
0.0255 -0.0967
0.02575 0.045
0.026 0.05
0.02625 0.1617
0.0265 0.1667
0.02675 0.2867
0.027 0.29
0.02725 0.3817
0.0275 0.385
0.02775 0.4483
0.028 0.4517
0.02825 0.19
0.0285 0.1467
0.02875 -1.205
0.029 -1.4833
0.02925 -0.99
0.0295 -0.97
0.02975 -0.2983
